0.000000  0.000000  0.000000  0.000000  
0.000000  0.000000  0.000000  
0.000000  0.000000  0.000000  
0.002067  0.003922  0.003922  
0.003922  0.003922  0.003922  
0.003922  0.000407  0.000000  
0.007837  0.004135  0.007843  
0.006590  0.000833  0.007042  
0.013192  0.004936  0.000000  
0.009336  0.009239  0.002281  
0.076054  0.055684  0.007145  
0.003108  0.000607  0.000000  
0.093194  0.089899  0.001538  
0.027451  0.030617  0.052938  
0.059857  0.022115  0.034751  
0.043725  0.039216  0.028814  
0.019608  