0.004257  -0.000000  0.000042  0.000000  
-0.485352  0.002354  2234.000000  
0.006409  -0.001015  -0.005890  
-10.851563  0.007179  1.950195  
0.006973  -5.285156  0.011131  
-0.011368  0.016312  -0.206665  
0.022293  -10696.000000  -0.025970  
0.003849  0.025894  -0.846191  
0.036957  -181.500000  -0.046967  
1684.000000  0.084106  0.000147  
-0.069092  -2.994141  0.063293  
-746.000000  0.147827  0.031036  
-0.186646  -56.843750  0.141846  
0.000332  0.146118  6.003906  
-0.117310  0.036438  0.153931  
-0.000103  -0.208008  -117.062500  
0.175415  